49,38
49,37
49,36
49,35
41,3
41,2
41,1
41,0
40,3
40,2
40,1
40,0
39,3
39,2
39,1
39,0
38,3
38,2
38,1
10,221
10,231
38,0
37,6
37,5
37,4
10,223
37,3
37,2
37,1
10,290
37,0
10,23
36,4
36,3
36,2
36,1
10,309
36,0
10,72
35,5
10,64
35,4
35,3
35,2
35,1
10,2
35,0
34,3
34,2
34,1
10,3
34,0
33,3
11,2
33,2
11,3
33,1
32,5
32,4
32,3
32,1
31,3
31,1
30,3
8,14
30,2
8,15
8,12
0,450
30,1
29,3
29,1
28,4
28,3
28,1
27,3
27,2
27,1
26,7
26,6
26,5
26,4
26,3
26,1
25,3
25,1
20,3
20,2
20,1
19,3
19,2
19,1
12,3
12,2
12,1
11,30
11,29
11,28
11,27
11,26
11,25
11,24
11,23
11,22
11,21
11,20
11,19
11,18
11,15
11,14
11,13
11,12
11,11
11,9
11,8
11,7
11,1
11,5
10,271
10,263
10,255
10,238
